audio.mp3 3507930
0 000000
242 00000100
159 00000101
63 00000110
47 00000111
207 00001000
62 00001001
120 00001010
95 00001011
247 00001100
222 00001101
146 0000111
100 0001000
184 00010010
215 00010011
143 00010100
158 00010101
175 00010110
125 00010111
183 00011000
223 00011001
191 00011010
243 00011011
111 00011100
225 00011101
123 00011110
199 00011111
189 00100000
79 00100001
15 00100010
226 00100011
94 00100100
30 00100101
231 00100110
239 00100111
122 00101000
182 00101001
198 00101010
216 00101011
7 00101100
205 00101101
227 00101110
118 00101111
54 00110000
151 00110001
39 00110010
155 00110011
228 00110100
220 00110101
206 00110110
29 00110111
59 00111000
192 00111001
254 00111010
250 00111011
119 00111100
121 00111101
237 00111110
186 00111111
174 01000000
87 01000001
147 01000010
179 01000011
245 01000100
238 01000101
110 01000110
23 01000111
229 01001000
156 01001001
246 01001010
217 01001011
211 01001100
214 01001101
221 01001110
127 01001111
27 01010000
195 01010001
157 01010010
187 01010011
219 01010100
108 01010101
218 01010110
115 01010111
201 01011000
235 01011001
142 01011010
232 01011011
112 01011100
180 01011101
53 01011110
253 01011111
178 01100000
185 01100001
197 01100010
116 01100011
209 01100100
210 01100101
57 01100110
154 01100111
196 01101000
43 01101001
203 01101010
181 01101011
71 01101100
51 01101101
167 01101110
194 01101111
234 01110000
213 01110001
131 01110010
208 01110011
58 01110100
150 01110101
193 01110110
163 01110111
113 01111000
117 01111001
92 01111010
45 01111011
103 01111100
78 01111101
166 01111110
19 01111111
244 10000000
171 10000001
114 10000010
141 10000011
202 10000100
212 10000101
93 10000110
177 10000111
102 10001000
77 10001001
230 10001010
91 10001011
135 10001100
236 10001101
83 10001110
139 10001111
107 10010000
99 10010001
172 10010010
38 10010011
61 10010100
86 10010101
173 10010110
200 10010111
46 10011000
109 10011001
6 10011010
133 10011011
204 10011100
104 10011101
75 10011110
106 10011111
90 10100000
11 10100001
21 10100010
70 10100011
56 10100100
26 10100101
14 10100110
96 10100111
160 10101000
233 10101001
165 10101010
149 10101011
176 10101100
25 10101101
37 10101110
170 10101111
129 10110000
60 10110001
49 10110010
41 10110011
52 10110100
67 10110101
22 10110110
168 10110111
153 10111000
88 10111001
161 10111010
134 10111011
28 10111100
89 10111101
162 10111110
169 10111111
76 11000000
98 11000001
13 11000010
130 11000011
105 11000100
148 11000101
35 11000110
137 11000111
138 11001000
152 11001001
145 11001010
101 11001011
5 11001100
132 11001101
50 11001110
69 11001111
97 11010000
73 11010001
144 11010010
74 11010011
17 11010100
33 11010101
81 11010110
84 11010111
82 11011000
164 11011001
65 11011010
44 11011011
140 11011100
10 11011101
42 11011110
18 11011111
24 11100000
9 11100001
136 11100010
20 11100011
85 11100100
40 11100101
72 11100110
80 11100111
66 11101000
34 11101001
68 11101010
36 11101011
48 11101100
3 11101101
255 1110111
8 11110000
1 11110001
64 11110010
4 11110011
256 1111010000
248 1111010001
252 111101001
12 11110101
128 11110110
16 11110111
32 11111000
2 11111001
126 111110100
124 111110101
190 111110110
240 111110111
251 11111100
31 111111010
188 111111011
241 111111100
249 111111101
55 111111110
224 111111111
